ind1	ind2	k0	k1	k2	nIter
1	2	0.017304	0.982693	0.000003	26
1	3	0.999007	0.000497	0.000496	1
1	4	0.999012	0.000496	0.000491	1
1	5	0.999003	0.000498	0.000499	1
1	6	0.997590	0.000002	0.002408	29
2	3	0.998298	0.000004	0.001699	26
2	4	0.999018	0.000494	0.000488	1
2	5	0.999014	0.000494	0.000492	1
2	6	0.999009	0.000495	0.000495	1
3	4	0.067319	0.932435	0.000245	47
3	5	0.994087	0.000000	0.005913	26
3	6	0.999006	0.000497	0.000497	1
4	5	0.987854	0.000027	0.012119	32
4	6	0.998102	0.000060	0.001838	29
5	6	0.007595	0.962658	0.029747	29
